epoch:0 0.2680  0.4651  0.2795  0.1493  0.2999  0.3332  0.2498  0.4026  0.4225  0.2445  0.4575  0.5215  0.6781  0.020000
epoch:1 0.2827  0.4795  0.2967  0.1537  0.3183  0.3679  0.2605  0.4194  0.4410  0.2440  0.4783  0.5668  0.5997  0.020000
epoch:2 0.2807  0.4727  0.2956  0.1567  0.3137  0.3573  0.2637  0.4233  0.4467  0.2567  0.4866  0.5714  0.5861  0.020000
epoch:3 0.2844  0.4783  0.2985  0.1588  0.3187  0.3628  0.2658  0.4269  0.4506  0.2563  0.4863  0.5796  0.5784  0.020000
epoch:4 0.2843  0.4749  0.3017  0.1605  0.3169  0.3628  0.2642  0.4198  0.4430  0.2643  0.4759  0.5508  0.5737  0.020000
epoch:5 0.2834  0.4682  0.3012  0.1543  0.3219  0.3605  0.2641  0.4147  0.4340  0.2403  0.4713  0.5627  0.5693  0.020000
epoch:6 0.2862  0.4717  0.3047  0.1582  0.3138  0.3741  0.2676  0.4243  0.4459  0.2526  0.4770  0.5665  0.5659  0.020000
epoch:7 0.2875  0.4756  0.3069  0.1613  0.3164  0.3734  0.2695  0.4281  0.4493  0.2606  0.4798  0.5793  0.5627  0.020000
epoch:8 0.3437  0.5393  0.3680  0.1964  0.3780  0.4459  0.2982  0.4704  0.4942  0.2960  0.5331  0.6295  0.4886  0.002000
epoch:9 0.3517  0.5503  0.3764  0.2005  0.3893  0.4562  0.3033  0.4748  0.4983  0.2977  0.5391  0.6418  0.4670  0.002000
epoch:10 0.3543  0.5540  0.3809  0.2035  0.3891  0.4591  0.3036  0.4799  0.5037  0.3071  0.5426  0.6402  0.4558  0.002000
epoch:11 0.3555  0.5522  0.3816  0.2035  0.3903  0.4634  0.3041  0.4763  0.4992  0.3021  0.5390  0.6388  0.4403  0.000200
epoch:12 0.3549  0.5528  0.3801  0.2039  0.3916  0.4655  0.3048  0.4770  0.5000  0.3033  0.5395  0.6428  0.4373  0.000200
epoch:13 0.3574  0.5554  0.3831  0.2016  0.3943  0.4704  0.3060  0.4758  0.4987  0.2979  0.5388  0.6445  0.4355  0.000200
epoch:14 0.3575  0.5554  0.3835  0.2053  0.3922  0.4657  0.3041  0.4756  0.4985  0.3038  0.5363  0.6351  0.4338  0.000200
